6
1
11
3
43
7
9
78
79
80
3
3
25
38
69
3
9
126
152
127
70
134
9
9
6
10
31
17
17
17
9
17
24
3
3
1
21
14
3
133
3
1
1
65
6
52
55
72
3
89
100
101
102
99
100
85
55
54
1
3
21
68
24
4
2
19
4
3
7
1
6
14
6
1
2
6
7
6
10
1
15
6
1
2
7
8
13
14
15
16
1
1
130
5
28
38
8
6
1
16
45
6
47
4
7
43
59
1
1
152
83
76
8
4
34
87
47
1
32
4
7
2
19
26
35
3
10
217
13
5
10
22
1
1
51
31
54
19
6
52
3
3
43
44
40
5
7
26
6
1
39
22
5
8
2
38
11
3
18
1
1
79
36
10
213
38
1
11
21
81
38
44
45
181
147
17
81
1
8
18
20
27
15
2
4
3
11
1
1
1
1
1
1
1
1
1
1
14
3
12
26
27
28
1
9
4
10
24
9
4
5
48
62
30
123
74
10
2
14
27
64
1
28
26
1
2
55
4
16
75
28
26
27
28
29
11
7
30
42
2
4
2
50
74
53
9
30
12
13
18
102
5
3
43
35
112
9
26
35
37
12
7
1
14
66
26
6
4
55
119
1
13
22
1
17
5
45
37
38
7
6
4
8
1
10
1
2
3
9
28
5
2
16
20
5
50
3
67
1
56
22
3
8
37
43
1
19
1
20
23
25
11
6
16
11
74
218
9
16
2
62
11
1
20
3
18
32
9
7
8
3
55
25
2
16
17
17
20
19
11
7
10
6
6
1
1
11
5
20
11
6
1
125
2
6
3
9
8
4
7
2
15
38
7
11
12
41
19
44
58
4
5
14
14
1
6
6
6
6
4
45
32
3
1
21
29
26
196
8
13
38
76
41
11
8
11
47
12
3
6
23
15
28
3
14
2
17
3
3
2
48
63
66
28
43
185
5
14
1
5
53
8
33
98
12
12
6
61
30
13
160
28
6
2
12
14
14
29
15
26
2
14
14
7
10
14
8
3
1
10
1
1
1
62
27
26
27
16
30
16
18
19
20
80
16
1
6
149
1
3
32
41
40
22
25
37
6
7
37
19
1
34
12
10
35
7
12
13
1
8
42
97
6
7
8
9
10
1
5
188
35
2
10
17
5
3
99
9
22
7
23
